Numeric Score: 90.0000
Points Penalty Per Day Late: 10
Number of Assignments Dropped: 0
Values Provided:
Assignment, Score, Weight, Days Late
1, 80, 2, 0
2, 100, 2, 0
3, 80, 2, 0
4, 100, 2, 0
5, 80, 2, 0
6, 100, 2, 0
7, 80, 2, 0
8, 100, 2, 0
9, 80, 2, 0
10, 100, 2, 0
11, 80, 2, 0
12, 100, 2, 0
13, 80, 2, 0
14, 100, 2, 0
15, 80, 2, 0
16, 100, 2, 0
17, 80, 2, 0
18, 100, 2, 0
19, 80, 2, 0
20, 100, 2, 0
21, 80, 2, 0
22, 100, 2, 0
23, 80, 2, 0
24, 100, 2, 0
25, 80, 2, 0
26, 100, 2, 0
27, 80, 2, 0
28, 100, 2, 0
29, 80, 2, 0
30, 100, 2, 0
31, 80, 2, 0
32, 100, 2, 0
33, 80, 2, 0
34, 100, 2, 0
35, 80, 2, 0
36, 100, 2, 0
37, 80, 2, 0
38, 100, 2, 0
39, 80, 2, 0
40, 100, 2, 0
41, 80, 2, 0
42, 100, 2, 0
43, 80, 2, 0
44, 100, 2, 0
45, 80, 2, 0
46, 100, 2, 0
47, 80, 2, 0
48, 100, 2, 0
49, 80, 2, 0
50, 100, 2, 0
Mean: 90.0000, Standard Deviation: 10.0000
